2.2
2.6
1.8
1.8
3.0
2.4
2.6
1.0
2.2
2.8
1.0
1.8
2.4
2.2
2.6
1.0
1.8
1.4
1.0
1.4
2.2
2.4
2.2
2.4
1.6
2.8
1.0
1.0
2.2
2.8
2.2
2.2
1.8
1.8
1.8
1.8
1.8
1.9
2.78285714286
2.78285714286
2.2
2.4
2.2
2.4
1.6
2.8
1.0
1.0
2.2
2.8
2.8
3.0
2.8
2.4
1.8
2.6
2.6
2.4
2.2
2.2
2.8
2.4
2.6
1.0
2.4
2.4
1.8
2.4
2.0
1.8
1.8
2.0
3.0
2.2
1.4
1.2
1.2
1.0
1.0
1.0
2.2
2.2
1.2
2.4
1.4
2.8
2.4
1.0
2.4
1.16
1.8
3.0
1.0
1.56
1.0
1.0
2.2
2.4
3.0
3.0
2.6
2.2
2.2
2.0
1.0
2.2
2.2
1.8
2.2
1.4
1.0
3.0
2.4
2.2
2.0
3.0
2.6
2.8
1.8
2.8
2.8
2.8
2.8
2.8
2.8
2.4
1.0
2.4
1.84
1.0
1.4
1.0
2.6
2.8
2.3
2.3
1.0
2.4
1.84
1.0
1.4
1.0
2.6
2.8
2.3
2.3
2.0
1.6
1.8
1.4
1.8
2.2
1.0
1.0
2.6
1.8
2.4
1.4
1.0
2.8
1.46
1.0
2.2
1.4
1.2
1.2
1.8
1.0
2.6
1.4
1.4
1.4
1.4
1.4
1.0
1.2
1.2
1.96
1.56
1.0
2.6
3.0
1.4
2.8
1.8
3.0
2.8
2.6
2.6
2.8
3.0
2.8
2.4
1.8
2.6
2.6
2.4
2.2
2.2
1.8
3.0
1.0
1.56
1.0
1.0
2.6
1.8
1.0
1.4
1.0
2.0
1.8
1.0
1.6
1.0
1.0
1.0
1.0
1.0
2.6
1.0
2.6
1.8
1.0
2.8
1.0
1.0
1.4
1.0
1.0
2.4
2.2
1.0
2.0
2.6
2.8
2.2
2.0
1.0
1.4
2.8
1.4
2.2
1.0
1.0
1.0
1.0
1.0
1.8
1.4
1.0
1.0
1.8
1.0
1.0
1.8
1.4
2.4
1.0
3.0
2.8
1.0
2.6
2.6
2.2
2.4
3.0
3.0
2.6
2.2
2.2
2.0
1.0
2.2
2.6
2.8
1.8
2.8
2.8
2.8
2.8
2.8
2.8
2.4
2.2
1.8
2.2
1.4
1.0
3.0
2.4
2.2
2.0
3.0
2.6
2.8
2.4
2.2
1.8
2.2
1.0
1.0
1.0
2.4
3.0
2.2
2.2
3.0
2.8
2.4
1.8
3.0
1.8
2.55
2.0
2.0
2.8
2.6
2.2
2.8
2.8
2.6
2.4
2.8
3.0
2.0
2.2
2.4
2.6
1.6
2.4
3.0
2.6
3.0
2.4
1.4
1.2
1.0
2.0
2.6
1.4
2.2
3.0
2.4
1.6
1.6
2.4
1.0
1.0
2.8
2.8
3.0
2.8
2.4
2.4
2.6
2.8
2.8
3.0
1.8
1.8
2.8
1.46
3.0
3.0
1.4
1.4
1.8
1.4
2.2
2.2
1.2
2.4
1.4
2.8
2.4
1.0
2.4
1.16
2.6
1.8
1.0
1.0
1.0
1.4
1.0
1.0
1.0
2.6
1.6
2.4
2.6
1.8
1.6
1.0
1.4
2.4
2.2
1.0
2.8
3.0
2.8
1.8
1.8
2.6
3.0
2.5
2.2
2.4
1.6
1.0
1.0
2.8
2.4
2.4
2.2
1.4
2.8
2.8
3.0
1.4
2.4
2.0
1.0
2.0
2.2
1.0
2.0
2.4
1.2
3.0
1.0
1.0
1.0
1.0
1.4
1.0
1.0
2.2
2.2
2.6
2.8
2.0
2.2
2.4
2.2
2.4
2.2
1.0
2.6
2.4
1.6
2.8
2.8
2.6
1.8
2.0
2.2
2.2
2.4
2.0
2.6
2.84
3.0
2.6
1.0
1.0
2.6
2.2
2.0
1.6
1.0
1.4
2.4
1.8
1.8
2.0
3.0
1.8
2.8
2.2
1.2
3.0
1.4
1.0
1.0
1.0
2.6
1.8
1.4
1.0
1.2
1.4
1.0
1.6
2.8
1.8
2.8
2.2
2.4
2.4
1.4
2.3
2.4
2.0
1.6
1.6
1.8
2.6
2.0
1.6
1.6
2.2
2.2
2.8
2.0
1.4
2.6
1.8
2.6
2.6
2.6
3.0
2.6
1.0
1.8
2.4
2.2
2.6
1.0
1.8
1.4
1.0
1.4
2.4
3.0
2.8
2.2
1.0
2.4
1.4
1.2
1.0
2.6
2.2
1.4
1.4
1.0
1.0
1.0
1.0
1.0
2.6
2.4
2.8
2.2
2.4
1.4
2.8
2.6
2.8
2.2
2.6
2.8
1.8
1.6
2.4
1.0
1.4
1.0
1.0
2.2
1.0
1.4
1.8
1.0
1.4
1.4
1.6
1.0
1.0
2.6
2.6
2.0
1.6
2.8
3.0
2.2
1.6
2.2
1.8
2.2
3.0
2.6
2.6
2.8
2.2
1.4
3.0
1.0
1.0
1.0
2.4
3.0
2.6
1.2
2.0
2.2
1.0
1.0
1.0
1.0
1.8
2.2
1.0
1.0
1.4
1.4
1.0
2.2
2.2
1.0
1.0
1.0
1.8
2.6
2.6
2.0
1.0
1.0
1.8
1.8
1.8
1.8
2.0
2.0
1.0
1.0
1.4
1.0
1.0
3.0
1.6
1.4
2.8
2.8
2.6
2.2
1.4
2.2
2.0
2.6
2.4
1.0
1.1
2.6
2.2
2.2
1.8
1.96
1.4
1.0
1.0
1.0
1.0
1.0
2.2
1.0
1.8
1.4
1.0
1.0
1.8
3.0
2.2
2.2
1.8
2.2
1.0
1.0
1.8
1.0
1.4
2.2
1.4
2.6
1.0
1.4
2.2
1.4
1.0
2.2
1.0
1.0
